17 8
33 51
4 43
84 36
14 55
76 44
66 90
16 59
18 91
15 84
16 34
94 18
59 49
43 7
13 3
32 60
16 64
93 37
64 47
89 82
14 36
78 97
87 92
72 9
66 57
87 57
82 61
7 75
24 78
25 83
1 90
93 6
19 90
55 73
29 37
63 89
30 73
37 26
4 48
45 74
95 22
46 26
36 98
17 71
62 52
65 55
77 84
18 86
46 25
28 22
97 9
27 61
17 49
19 48
79 3
60 20
80 78
28 8
72 44
98 24
65 9
32 89
88 53
45 22
4 98
83 11
59 13
78 38
16 53
2 77
93 58
4 64
49 51
38 98
9 76
79 79
96 8
97 3
64 81
59 90
70 84
82 80
83 5
16 87
29 65
68 87
98 77
24 50
22 91
72 19
4 68
28 88
16 88
73 89
42 80
42 85
70 80
19 38
3 65
90 29
57 22
47 35
79 32
66 27
81 80
66 10
43 37
62 39
82 60
15 29
50 45
98 64
32 25
38 52
22 62
40 57
67 41
18 52
81 17
61 48
97 36
34 13
17 63
41 92
43 6
60 57
51 83
86 92
32 75
34 61
35 84
99 97
88 91
20 24
90 2
91 7
22 25
66 20
89 10
89 37
9 64
70 42
35 6
28 7
13 6
48 63
39 48
11 27
89 61
81 11
